-3.0000 0.0474
-2.9000 0.0522
-2.8000 0.0573
-2.7000 0.0630
-2.6000 0.0691
-2.5000 0.0759
-2.4000 0.0832
-2.3000 0.0911
-2.2000 0.0998
-2.1000 0.1091
-2.0000 0.1192
-1.9000 0.1301
-1.8000 0.1419
-1.7000 0.1545
-1.6000 0.1680
-1.5000 0.1824
-1.4000 0.1978
-1.3000 0.2142
-1.2000 0.2315
-1.1000 0.2497
-1.0000 0.2689
-0.9000 0.2891
-0.8000 0.3100
-0.7000 0.3318
-0.6000 0.3543
-0.5000 0.3775
-0.4000 0.4013
-0.3000 0.4256
-0.2000 0.4502
-0.1000 0.4750
0.0000 0.5000
0.1000 0.5250
0.2000 0.5498
0.3000 0.5744
0.4000 0.5987
0.5000 0.6225
0.6000 0.6457
0.7000 0.6682
0.8000 0.6900
0.9000 0.7109
1.0000 0.7311
1.1000 0.7503
1.2000 0.7685
1.3000 0.7858
1.4000 0.8022
1.5000 0.8176
1.6000 0.8320
1.7000 0.8455
1.8000 0.8581
1.9000 0.8699
2.0000 0.8808
2.1000 0.8909
2.2000 0.9002
2.3000 0.9089
2.4000 0.9168
2.5000 0.9241
2.6000 0.9309
2.7000 0.9370
2.8000 0.9427
2.9000 0.9478
