-3.0000 -0.9951
-2.9000 -0.9940
-2.8000 -0.9926
-2.7000 -0.9910
-2.6000 -0.9890
-2.5000 -0.9866
-2.4000 -0.9837
-2.3000 -0.9801
-2.2000 -0.9757
-2.1000 -0.9705
-2.0000 -0.9640
-1.9000 -0.9562
-1.8000 -0.9468
-1.7000 -0.9354
-1.6000 -0.9217
-1.5000 -0.9051
-1.4000 -0.8854
-1.3000 -0.8617
-1.2000 -0.8337
-1.1000 -0.8005
-1.0000 -0.7616
-0.9000 -0.7163
-0.8000 -0.6640
-0.7000 -0.6044
-0.6000 -0.5370
-0.5000 -0.4621
-0.4000 -0.3799
-0.3000 -0.2913
-0.2000 -0.1974
-0.1000 -0.0997
0.0000 0.0000
0.1000 0.0997
0.2000 0.1974
0.3000 0.2913
0.4000 0.3799
0.5000 0.4621
0.6000 0.5370
0.7000 0.6044
0.8000 0.6640
0.9000 0.7163
1.0000 0.7616
1.1000 0.8005
1.2000 0.8337
1.3000 0.8617
1.4000 0.8854
1.5000 0.9051
1.6000 0.9217
1.7000 0.9354
1.8000 0.9468
1.9000 0.9562
2.0000 0.9640
2.1000 0.9705
2.2000 0.9757
2.3000 0.9801
2.4000 0.9837
2.5000 0.9866
2.6000 0.9890
2.7000 0.9910
2.8000 0.9926
2.9000 0.9940
